inst	m	l	greedy	grasp	ag	hibrida
0	200	15	25764	23608	20522	23608
1	200	15	25155	23734	20690	23734
2	200	15	25660	23285	20274	23285
3	200	15	25393	23345	20380	23345
4	200	15	26328	23320	20392	23320
5	200	15	26003	23909	20861	23909
6	200	15	25525	23469	20510	23469
7	200	15	25132	23570	20527	23570
8	200	15	26482	23457	20468	23457
9	200	15	26266	23547	20582	23547
10	200	15	25797	23818	20769	23818
11	200	15	26105	23391	20487	23391
12	200	15	25398	23442	20378	23442
13	200	15	25007	23203	20256	23203
14	200	15	23828	22976	20114	22976
15	200	15	25870	23371	20457	23371
16	200	15	25337	23097	20153	23097
17	200	15	24776	22918	19945	22918
18	200	15	26073	23360	20362	23360
19	200	15	25714	23560	20592	23560
20	200	15	25628	23769	20730	23769
21	200	15	24948	23691	20671	23691
22	200	15	25275	23453	20551	23453
23	200	15	25550	23701	20697	23701
24	200	15	26410	23562	20535	23562
25	200	15	24904	23392	20402	23392
26	200	15	24963	23754	20840	23754
27	200	15	25099	22822	19868	22822
28	200	15	26519	23149	20184	23149
29	200	15	25799	23901	20847	23901
30	200	15	25256	23756	20779	23756
31	200	15	25731	23889	20811	23889
32	200	15	25106	23243	20359	23243
33	200	15	25384	24051	20953	24051
34	200	15	24763	23766	20671	23766
35	200	15	25653	23059	20039	23059
36	200	15	25179	23851	20817	23851
37	200	15	25728	23754	20741	23754
38	200	15	25379	23628	20592	23628
39	200	15	24924	23549	20633	23549
40	200	15	27069	23216	20130	23216
41	200	15	26526	23832	20840	23832
42	200	15	24257	23487	20510	23487
43	200	15	25416	23580	20472	23580
44	200	15	25423	23294	20307	23294
45	200	15	25407	23157	20156	23157
46	200	15	25016	23335	20353	23335
47	200	15	26534	23221	20246	23221
48	200	15	24639	23444	20473	23444
49	200	15	25721	23554	20499	23554
50	200	15	25152	23339	20513	23339
51	200	15	25756	23554	20579	23554
52	200	15	25447	24131	21048	24131
53	200	15	25468	23604	20475	23604
54	200	15	25373	23242	20334	23242
55	200	15	25862	23550	20551	23550
56	200	15	25776	23542	20451	23542
57	200	15	26052	23949	20888	23949
58	200	15	26098	23495	20451	23495
59	200	15	26496	23518	20535	23518
60	200	15	25901	23388	20439	23388
61	200	15	24864	23540	20592	23540
62	200	15	25698	23246	20371	23246
63	200	15	25005	23539	20572	23539
64	200	15	25818	23635	20766	23635
65	200	15	26247	23772	20831	23772
66	200	15	25442	23986	20889	23986
67	200	15	25652	23436	20456	23436
68	200	15	26037	23622	20519	23622
69	200	15	25411	23303	20385	23303
70	200	15	25101	23601	20573	23601
71	200	15	25743	23630	20578	23630
72	200	15	25533	23421	20478	23421
73	200	15	25593	23330	20399	23330
74	200	15	25273	23342	20374	23342
75	200	15	25967	23475	20406	23475
76	200	15	25140	23549	20551	23549
77	200	15	26178	23277	20323	23277
78	200	15	25768	23679	20748	23679
79	200	15	26289	23317	20308	23317
80	200	15	25552	22919	19944	22919
81	200	15	25513	23448	20459	23448
82	200	15	25276	23778	20755	23778
83	200	15	25458	23790	20755	23790
84	200	15	25361	23436	20499	23436
85	200	15	24944	23267	20288	23267
86	200	15	25637	23554	20541	23554
87	200	15	24999	23222	20316	23222
88	200	15	25537	23026	20034	23026
89	200	15	26115	23909	20926	23909
90	200	15	26523	23429	20388	23429
91	200	15	25620	23936	20863	23936
92	200	15	25777	23224	20236	23224
93	200	15	25679	23498	20609	23498
94	200	15	26148	23506	20555	23506
95	200	15	24972	23544	20533	23544
96	200	15	25997	23391	20423	23391
97	200	15	26018	23743	20726	23743
98	200	15	25760	23274	20280	23274
99	200	15	26467	23483	20449	23483
0	500	100	2809775	2657900	2657900	2690611
1	500	100	2807478	2654778	2654778	2679235
2	500	100	2808230	2663842	2663842	2696051
3	500	100	2789171	2651644	2651636	2709044
4	500	100	2811954	2674238	2674238	2704196
5	500	100	2824780	2649373	2649373	2705333
6	500	100	2792218	2644867	2644867	2685610
7	500	100	2798676	2647242	2647242	2686102
8	500	100	2831573	2647510	2647510	2723857
9	500	100	2811167	2645008	2645008	2688028
10	500	100	2796208	2664805	2664805	2708206
11	500	100	2800053	2653902	2653836	2689028
12	500	100	2800479	2649832	2649832	2702895
13	500	100	2796377	2661693	2661693	2717278
14	500	100	2817681	2636193	2636193	2693922
15	500	100	2813014	2646384	2646384	2697742
16	500	100	2799225	2661186	2661154	2679428
17	500	100	2798052	2642578	2642642	2699143
18	500	100	2776575	2664355	2664355	2708709
19	500	100	2810062	2637039	2637039	2679927
20	500	100	2780815	2652849	2652849	2692602
21	500	100	2789414	2651243	2651243	2690882
22	500	100	2784358	2657989	2657989	2683445
23	500	100	2792883	2643925	2643925	2675879
24	500	100	2786050	2655921	2655921	2684322
25	500	100	2789590	2659265	2659120	2717251
26	500	100	2803791	2649071	2649071	2676334
27	500	100	2777025	2646718	2646718	2696990
28	500	100	2783388	2661525	2661524	2690893
29	500	100	2801475	2662408	2662414	2689983
30	500	100	2795350	2638684	2638684	2670378
31	500	100	2768677	2648458	2648458	2673610
32	500	100	2792524	2661041	2661041	2698251
33	500	100	2777857	2651166	2651166	2721644
34	500	100	2838155	2650251	2650251	2702832
35	500	100	2799491	2638922	2638922	2713552
36	500	100	2827790	2655066	2655017	2684250
37	500	100	2809842	2652483	2652443	2698647
38	500	100	2810094	2660136	2660136	2693864
39	500	100	2789505	2651372	2651369	2691772
40	500	100	2796978	2650078	2650078	2677637
41	500	100	2824706	2647682	2647682	2673973
42	500	100	2815782	2655062	2655062	2692863
43	500	100	2795471	2651566	2651556	2720831
44	500	100	2800760	2646364	2646364	2690600
45	500	100	2796505	2650291	2650291	2716235
46	500	100	2800894	2659614	2659614	2686173
47	500	100	2826093	2660393	2660393	2690603
48	500	100	2807789	2659782	2659782	2690516
49	500	100	2788472	2643146	2643146	2679483
50	500	100	2795748	2657046	2657046	2677376
51	500	100	2826220	2649307	2649307	2685586
52	500	100	2798277	2648282	2648294	2728159
53	500	100	2812015	2652823	2652785	2683309
54	500	100	2805973	2663887	2663887	2691292
55	500	100	2821423	2653362	2653362	2691910
56	500	100	2816853	2661797	2661797	2728090
57	500	100	2791946	2651794	2651794	2680027
58	500	100	2802342	2647397	2647397	2713142
59	500	100	2810805	2652948	2652948	2685209
60	500	100	2829508	2652525	2652525	2694131
61	500	100	2809835	2647884	2647870	2688365
62	500	100	2823050	2648646	2648643	2695936
63	500	100	2807736	2647568	2647568	2696951
64	500	100	2780591	2654242	2654242	2678837
65	500	100	2813095	2647562	2647556	2697817
66	500	100	2778039	2645958	2645934	2666413
67	500	100	2823758	2650847	2650844	2685993
68	500	100	2801089	2636456	2636327	2671832
69	500	100	2799383	2643610	2643610	2673222
70	500	100	2812349	2649305	2649305	2689517
71	500	100	2816743	2635668	2635668	2673067
72	500	100	2786727	2650518	2650500	2674207
73	500	100	2809456	2655919	2655900	2685013
74	500	100	2806157	2646782	2646782	2722091
75	500	100	2809166	2645723	2645723	2681372
76	500	100	2830144	2647254	2647254	2677179
77	500	100	2811664	2644966	2644966	2695515
78	500	100	2783303	2647854	2647854	2680404
79	500	100	2797023	2651889	2651848	2671101
80	500	100	2781678	2644849	2644775	2705586
81	500	100	2803898	2659327	2659327	2698966
82	500	100	2812832	2662917	2662917	2694988
83	500	100	2795805	2663013	2663013	2679395
84	500	100	2787036	2643804	2643804	2710051
85	500	100	2827470	2647951	2647951	2696010
86	500	100	2797861	2651969	2651969	2732598
87	500	100	2824542	2657243	2657168	2689010
88	500	100	2797196	2642060	2642060	2695154
89	500	100	2818927	2672589	2672584	2689179
90	500	100	2820627	2656634	2656634	2706645
91	500	100	2794401	2659859	2659849	2705179
92	500	100	2800757	2656828	2656829	2701938
93	500	100	2814633	2653572	2653543	2695927
94	500	100	2773404	2643832	2643836	2682666
95	500	100	2805768	2651501	2651501	2675634
96	500	100	2812457	2647525	2647525	2706383
97	500	100	2809599	2659243	2659243	2688913
98	500	100	2805034	2660011	2660011	2692253
99	500	100	2794314	2654298	2654258	2700189
0	1000	100	5641367	5420071	5420050	5525839
1	1000	100	5579008	5397844	5397786	5479380
2	1000	100	5591678	5381389	5381389	5472759
3	1000	100	5565367	5394349	5394349	5542485
4	1000	100	5625059	5380786	5380786	5542498
5	1000	100	5634630	5410133	5410133	5517711
6	1000	100	5608404	5381011	5381011	5468570
7	1000	100	5570845	5401281	5401281	5466694
8	1000	100	5619752	5405473	5405473	5473509
9	1000	100	5633353	5412807	5412737	5493021
10	1000	100	5663612	5397454	5397324	5468693
11	1000	100	5616079	5394958	5394958	5466416
12	1000	100	5600642	5404663	5404663	5479423
13	1000	100	5630568	5408723	5408723	5469149
14	1000	100	5629481	5374849	5374849	5472467
15	1000	100	5604331	5394251	5394251	5481645
16	1000	100	5621889	5405892	5405875	5548378
17	1000	100	5609056	5406332	5406332	5488369
18	1000	100	5633673	5407950	5407950	5506382
19	1000	100	5611068	5364998	5365017	5468496
20	1000	100	5596909	5409599	5409599	5475152
21	1000	100	5635927	5394165	5394165	5474055
22	1000	100	5600768	5401305	5401305	5478649
23	1000	100	5636445	5395071	5395071	5478574
24	1000	100	5626129	5398349	5398252	5468724
25	1000	100	5602873	5392396	5392396	5484034
26	1000	100	5597501	5404784	5404784	5493067
27	1000	100	5646487	5407345	5407345	5470909
28	1000	100	5605901	5393044	5393044	5478500
29	1000	100	5642648	5379689	5379689	5504998
30	1000	100	5642315	5385312	5385523	5482755
31	1000	100	5642766	5388785	5388785	5473136
32	1000	100	5634788	5417878	5417870	5500272
33	1000	100	5644252	5419580	5419498	5487492
34	1000	100	5657964	5398305	5398251	5505629
35	1000	100	5624680	5388866	5388866	5489908
36	1000	100	5564634	5384094	5384094	5532910
37	1000	100	5669522	5401600	5401470	5480764
38	1000	100	5636805	5410612	5410612	5474786
39	1000	100	5586844	5384550	5384550	5478911
40	1000	100	5619310	5411610	5411586	5507614
41	1000	100	5608383	5393282	5393282	5499628
42	1000	100	5603966	5393537	5393537	5461542
43	1000	100	5610655	5406659	5406482	5465152
44	1000	100	5590286	5416957	5416957	5502803
45	1000	100	5656179	5408455	5408455	5483358
46	1000	100	5610778	5393719	5393592	5481865
47	1000	100	5598255	5393224	5393224	5456076
48	1000	100	5604449	5405250	5405250	5483830
49	1000	100	5667841	5396135	5396135	5483957
50	1000	100	5602483	5409315	5409219	5469124
51	1000	100	5618930	5391095	5391095	5467144
52	1000	100	5613203	5389902	5389902	5468776
53	1000	100	5643181	5412332	5412300	5513537
54	1000	100	5635124	5414573	5414556	5468599
55	1000	100	5641978	5387400	5387316	5493614
56	1000	100	5567902	5382418	5382397	5482888
57	1000	100	5636818	5383012	5383012	5493432
58	1000	100	5614193	5398516	5398516	5519743
59	1000	100	5612921	5405150	5405080	5469862
60	1000	100	5628783	5392634	5392634	5466948
61	1000	100	5633340	5404925	5404925	5535305
62	1000	100	5649904	5406326	5406326	5470829
63	1000	100	5644190	5382189	5382189	5475843
64	1000	100	5631143	5424173	5424113	5514257
65	1000	100	5632012	5409666	5409666	5493274
66	1000	100	5601192	5413805	5413805	5489856
67	1000	100	5631165	5419361	5419360	5517805
68	1000	100	5619100	5428715	5428705	5501284
69	1000	100	5644835	5398908	5398908	5474671
70	1000	100	5610018	5399349	5399349	5472802
71	1000	100	5626772	5399840	5399840	5488466
72	1000	100	5632971	5378299	5378299	5452258
73	1000	100	5631873	5405928	5405913	5471869
74	1000	100	5599072	5411351	5411316	5476990
75	1000	100	5609876	5413510	5413457	5474711
76	1000	100	5616623	5402686	5402686	5493766
77	1000	100	5617714	5405812	5405762	5479230
78	1000	100	5617129	5395628	5395560	5505077
79	1000	100	5648069	5423394	5423394	5489868
80	1000	100	5587591	5380126	5380086	5475109
81	1000	100	5636067	5413671	5413671	5480391
82	1000	100	5629972	5391265	5391265	5468617
83	1000	100	5632089	5394682	5394613	5472710
84	1000	100	5629450	5397736	5397736	5517744
85	1000	100	5644002	5390412	5390412	5468281
86	1000	100	5602557	5375314	5375315	5450096
87	1000	100	5597603	5390626	5390626	5489049
88	1000	100	5648995	5390888	5390859	5475641
89	1000	100	5623285	5403094	5403094	5482597
90	1000	100	5587348	5395409	5395409	5490941
91	1000	100	5617464	5404461	5404461	5487674
92	1000	100	5629371	5420426	5420426	5489038
93	1000	100	5622677	5399198	5399032	5469192
94	1000	100	5636132	5367442	5367370	5470162
95	1000	100	5597986	5415655	5415655	5532843
96	1000	100	5611500	5408727	5408727	5532158
97	1000	100	5595271	5390807	5390807	5505214
98	1000	100	5584914	5409726	5409726	5497879
99	1000	100	5632410	5400130	5400089	5475835
0	500	300	25076030	23761025	23796071	24641951
1	500	300	25160356	23806458	23883185	24714586
2	500	300	25146737	23742315	23804040	24802993
3	500	300	25101552	23791772	23839946	24821815
4	500	300	25316222	23814961	23867379	24801964
5	500	300	25073651	23775734	23818319	24800837
6	500	300	25219646	23817502	23871122	24827416
7	500	300	25218325	23775160	23821905	24669651
8	500	300	25040001	23805241	23865776	24823980
9	500	300	25202428	23820485	23869426	24844852
10	500	300	25234536	23830211	23868776	24671944
11	500	300	25179792	23848554	23907892	24716202
12	500	300	25079296	23815658	23871366	24951524
13	500	300	25023541	23719580	23752916	24823697
14	500	300	25175864	23748158	23802222	24734865
15	500	300	25117893	23769914	23813411	24791671
16	500	300	25097215	23801344	23889626	24962494
17	500	300	25265161	23830548	23880301	24860868
18	500	300	25014061	23850251	23943564	24829431
19	500	300	25266754	23809011	23869447	24781386
20	500	300	25168726	23785425	23815801	24825255
21	500	300	25111380	23804826	23847440	24822435
22	500	300	25136399	23741195	23809763	24677649
23	500	300	25068347	23758721	23810570	24898707
24	500	300	25338315	23732138	23790587	24989435
25	500	300	25184573	23761432	23837657	24715725
26	500	300	25136265	23780919	23823988	24770295
27	500	300	25082320	23747769	23796212	24793125
28	500	300	25246350	23847184	23897242	24735283
29	500	300	25171428	23771286	23858571	24845760
30	500	300	25242318	23853070	23910874	24790308
31	500	300	25079845	23874191	23925313	24776256
32	500	300	25091354	23848427	23920842	24709015
33	500	300	25226197	23837912	23893907	24704588
34	500	300	25182071	23821749	23908099	24776568
35	500	300	25210572	23793263	23854755	24757600
36	500	300	25185537	23808763	23884159	24891918
37	500	300	25325930	23771229	23819086	24679909
38	500	300	25243399	23834750	23887085	24802609
39	500	300	25217708	23840090	23873525	24763424
40	500	300	25096015	23797651	23899659	24738213
41	500	300	25056149	23828647	23906301	24802421
42	500	300	25255855	23769813	23866326	24731046
43	500	300	25210264	23776521	23845299	24827418
44	500	300	25200808	23796684	23857236	24754024
45	500	300	25245912	23761025	23802189	24811003
46	500	300	25137844	23805785	23831255	24853757
47	500	300	25277509	23841414	23887703	24827856
48	500	300	25184164	23843097	23879981	24719703
49	500	300	25225009	23820714	23868560	24716396
50	500	300	25235550	23828078	23880369	24762762
51	500	300	25190377	23792795	23843750	24754640
52	500	300	25281141	23881364	23907757	24824204
53	500	300	25150434	23794126	23826119	24725336
54	500	300	25165089	23762560	23803967	24772131
55	500	300	25149748	23687987	23716876	24813065
56	500	300	25169844	23842509	23882855	25029575
57	500	300	25163272	23784309	23821014	24786836
58	500	300	25023515	23824562	23858750	24811216
59	500	300	25202234	23815152	23857104	24807891
60	500	300	25187969	23767380	23803433	24751283
61	500	300	25225420	23847377	23894494	24699014
62	500	300	25185736	23793401	23829058	24840740
63	500	300	25082659	23789568	23824648	24840333
64	500	300	25213228	23816253	23852084	24694889
65	500	300	25286876	23779251	23812659	24753916
66	500	300	25090501	23799115	23831146	24718532
67	500	300	25161174	23810294	23842924	24799086
68	500	300	25276914	23828677	23860844	24719671
69	500	300	25325118	23828236	23857663	24801639
70	500	300	25219145	23775290	23798178	24722231
71	500	300	25179645	23720198	23751510	24754463
72	500	300	25260437	23807569	23840497	24753646
73	500	300	25141130	23740623	23782244	24780894
74	500	300	25113045	23819688	23866573	24679529
75	500	300	25146173	23732564	23785256	24715379
76	500	300	25093853	23817978	23856968	24827117
77	500	300	25174143	23796162	23828625	24860844
78	500	300	25329313	23830848	23865244	24808745
79	500	300	25231729	23750066	23785540	24747409
80	500	300	25188783	23788009	23814862	24761936
81	500	300	25211106	23739930	23771683	24778201
82	500	300	25176967	23862139	23897008	24754622
83	500	300	25157488	23836586	23880741	24873331
84	500	300	25311781	23798585	23835129	24673421
85	500	300	25168580	23762463	23783471	24746859
86	500	300	25178696	23845597	23883741	24776240
87	500	300	25230545	23795788	23826113	24773533
88	500	300	25233066	23750891	23788115	24729173
89	500	300	25142570	23807102	23839285	24776579
90	500	300	25206871	23819002	23849857	24859585
91	500	300	25140123	23766200	23799711	24805537
92	500	300	25212657	23797983	23827664	24763515
93	500	300	25148364	23854114	23892169	24749406
94	500	300	25198136	23784438	23859120	24755038
95	500	300	25018975	23870298	23901673	24818141
96	500	300	25127007	23748189	23791845	24760731
97	500	300	25273896	23838675	23899089	24823003
98	500	300	25173256	23749065	23796977	24829115
99	500	300	25147514	23781572	23811483	24769429
0	1000	300	50485551	48451917	48901073	50130131
1	1000	300	50227353	48534624	49103629	50107416
2	1000	300	50311770	48487869	48988563	50109449
3	1000	300	50357345	48525305	48989417	50052270
4	1000	300	50667622	48468822	48976232	50038015
5	1000	300	50649645	48491305	48804665	50072290
6	1000	300	50392741	48372028	48821268	50098039
7	1000	300	50217737	48520345	48943109	50095505
8	1000	300	50358181	48511039	48931759	50184960
9	1000	300	50365606	48372165	48925373	50117241
10	1000	300	50375282	48600909	49020719	50170154
11	1000	300	50498313	48481470	48947406	50039701
12	1000	300	50485562	48559058	49051079	50168340
13	1000	300	50349390	48568811	48956555	50077042
14	1000	300	50167059	48476136	48869537	49934260
15	1000	300	50569251	48517250	49002973	50068879
16	1000	300	50308024	48505293	48952880	49975262
17	1000	300	50393496	48500738	48938802	50105757
18	1000	300	50293090	48420054	48982527	50073712
19	1000	300	50599294	48631499	49115668	50016878
20	1000	300	50489701	48494856	48922706	50164093
21	1000	300	50425036	48482136	48851192	50046151
22	1000	300	50515844	48454375	48940098	50031066
23	1000	300	50414635	48512985	48984361	49999606
24	1000	300	50371958	48545429	48997027	50067999
25	1000	300	50485954	48540645	49003186	50078291
26	1000	300	50459839	48534007	48980482	50021242
27	1000	300	50526157	48487035	48954620	50087323
28	1000	300	50358245	48523930	48994700	50224002
29	1000	300	50349137	48521367	49013192	50083187
30	1000	300	50354905	48548799	49080917	49981813
31	1000	300	50509361	48563437	48942052	50099835
32	1000	300	50463068	48497065	48963281	50138719
33	1000	300	50527410	48417103	48935387	50103237
34	1000	300	50473124	48554789	49077839	50006907
35	1000	300	50455734	48500203	48946316	50027322
36	1000	300	50617319	48387780	48888571	50135623
37	1000	300	50524729	48450528	48962196	49996920
38	1000	300	50698073	48368117	48891860	50110365
39	1000	300	50341916	48406430	48931769	50028155
40	1000	300	50483057	48547089	49024435	49993916
41	1000	300	50530107	48519066	49068196	50180037
42	1000	300	50395989	48518634	49085466	50014187
43	1000	300	50570919	48494790	48909692	50030698
44	1000	300	50464724	48522964	49029819	49948106
45	1000	300	50473147	48456765	48933064	50168950
46	1000	300	50710900	48518984	48922065	49957178
47	1000	300	50460972	48545034	48983599	50050637
48	1000	300	50386840	48539331	48855713	50185154
49	1000	300	50377920	48558535	49051584	50137856
50	1000	300	50467701	48421851	48928637	49952125
51	1000	300	50421094	48496751	48912465	50085692
52	1000	300	50616042	48608871	48990339	50319124
53	1000	300	50278387	48481147	48857537	50059483
54	1000	300	50429272	48493198	48862575	50039298
55	1000	300	50475176	48506393	48881354	49993725
56	1000	300	50474985	48490271	48859122	50039136
57	1000	300	50740114	48503402	48976427	50025382
58	1000	300	50460176	48488083	48969193	50034082
59	1000	300	50357082	48397423	48764710	50090921
60	1000	300	50491570	48578422	48987296	50173361
61	1000	300	50538188	48430994	48848957	50154942
62	1000	300	50756611	48501268	48847043	50056146
63	1000	300	50533766	48474043	48849068	49999285
64	1000	300	50498189	48526544	48965534	50085142
65	1000	300	50441444	48520133	48915107	49990871
66	1000	300	50617354	48505199	48917237	50014300
67	1000	300	50393779	48553812	48927684	50031356
68	1000	300	50469789	48474263	48928650	49993562
69	1000	300	50548220	48456554	48867830	49920265
70	1000	300	50732550	48481241	48897181	49967662
71	1000	300	50517815	48466046	48889978	50072457
72	1000	300	50622329	48406069	48873847	49991553
73	1000	300	50665581	48564673	48934855	50096999
74	1000	300	50650398	48435550	48832268	49958142
75	1000	300	50316253	48498987	48883914	49974895
76	1000	300	50431766	48421605	48886698	49996905
77	1000	300	50227604	48459189	48895390	50024095
78	1000	300	50357638	48577552	48964269	50000903
79	1000	300	50395336	48460157	48857465	49923566
80	1000	300	50401933	48447801	48755877	50103622
81	1000	300	50499791	48504066	48909636	50349736
82	1000	300	50425187	48560423	48986453	50031629
83	1000	300	50463141	48584814	49002599	50092169
84	1000	300	50446893	48423978	48885001	50078704
85	1000	300	50373200	48562278	48935151	49992141
86	1000	300	50468721	48477781	48889889	50126299
87	1000	300	50309469	48428282	48870727	50000999
88	1000	300	50449444	48513545	48924216	49963681
89	1000	300	50353911	48531836	48901315	50065782
90	1000	300	50468284	48487848	48898624	50059871
91	1000	300	50516920	48545936	48910930	50036512
92	1000	300	50522092	48437971	48787799	50031778
93	1000	300	50496991	48467599	48909259	49990743
94	1000	300	50111073	48505193	48923791	49965387
95	1000	300	50497725	48497708	48952950	50080158
96	1000	300	50412261	48479510	48850756	50079573
97	1000	300	50618387	48441352	48881494	50002358
98	1000	300	50472927	48390037	48826539	49984919
99	1000	300	50342659	48529450	49027082	50034336
0	500	500	70029418	65994623	67505884	69239562
1	500	500	69748818	65962803	67493183	69289515
2	500	500	69965411	66023813	67629049	69269118
3	500	500	69912769	66133854	67589566	69227022
4	500	500	69920539	66044800	67486212	69234568
5	500	500	69651579	65946612	67484441	69362397
6	500	500	69914784	65827699	67303316	69318622
7	500	500	69627231	65961096	67448232	69278622
8	500	500	69906482	66041731	67390221	69476028
9	500	500	69675054	66117916	67557326	69240272
10	500	500	69955090	66125156	67524453	69511152
11	500	500	69720098	66147704	67475682	69333910
12	500	500	69811908	66218666	67530816	69325574
13	500	500	69599161	66015816	67358433	69387107
14	500	500	69763911	65986774	67362138	69112984
15	500	500	69860293	66139433	67597584	69303556
16	500	500	70011164	66113997	67450866	69314065
17	500	500	69466871	66037330	67453192	69302165
18	500	500	69743065	66067505	67663086	69263026
19	500	500	69765998	65832890	67403694	69782790
20	500	500	69662731	65979719	67365816	69245921
21	500	500	70035072	66074013	67419001	69200457
22	500	500	69842732	66237992	67746480	69508252
23	500	500	70177327	65848011	67446808	69205615
24	500	500	69620667	66150500	67505743	69365269
25	500	500	70082624	66110527	67429339	69694897
26	500	500	69757501	66028106	67636031	69127224
27	500	500	70036923	66087844	67442184	69290251
28	500	500	69868830	66208714	67614285	69413760
29	500	500	69796137	65947404	67614096	69096669
30	500	500	70131641	66098336	67556317	69155190
31	500	500	69991205	66055114	67511496	69252797
32	500	500	69915486	66010048	67555251	69422156
33	500	500	69882465	65965541	67436904	69427929
34	500	500	69853326	66081546	67723693	69270903
35	500	500	69475598	65932106	67481785	69287047
36	500	500	70134265	66018322	67580256	69508152
37	500	500	69734994	66078855	67659446	69304555
38	500	500	69655104	66168266	67762656	69369679
39	500	500	69823425	66136437	67655991	69389616
40	500	500	69658247	66040911	67489323	69385586
41	500	500	70084927	66203011	67710741	69297150
42	500	500	70117367	66093811	67553289	69333696
43	500	500	69861503	66164042	67627598	69684134
44	500	500	69974202	66147466	67652423	69570850
45	500	500	70128407	66153432	67473271	69271238
46	500	500	69827938	66116677	67387382	69347560
47	500	500	70137901	66036238	67285138	69276384
48	500	500	69928935	66125352	67296968	69646375
49	500	500	69857584	65955287	67307105	69318130
50	500	500	69966741	66135297	67530488	69264034
51	500	500	70074722	66115976	67520629	69318675
52	500	500	70012088	66052805	67189235	69424100
53	500	500	69745778	66149046	67393433	69477989
54	500	500	70000575	65960875	67276314	69108479
55	500	500	70046100	66149883	67407878	69356918
56	500	500	70120158	66118527	67325761	69284884
57	500	500	69867977	66126425	67466948	69325247
58	500	500	69905536	65971788	67295385	69440685
59	500	500	70032130	66164617	67464933	69210874
60	500	500	70054606	66182750	67393628	69253106
61	500	500	69648188	66209871	67459784	69658651
62	500	500	70004239	66201342	67523727	69361595
63	500	500	69749762	66007281	67264171	69731870
64	500	500	69940455	66124405	67413689	69459284
65	500	500	69876614	65967225	67399394	69428384
66	500	500	69823120	66102720	67390241	69327406
67	500	500	69993817	66222488	67470305	69488039
68	500	500	70084941	66114394	67442497	69382055
69	500	500	69672845	65999024	67279148	69160430
70	500	500	70119557	66034096	67432500	69301874
71	500	500	70069872	66139631	67390567	69753354
72	500	500	70267633	66141399	67438390	69377023
73	500	500	69689642	66165698	67441484	69671879
74	500	500	69942944	66177445	67585905	69356272
75	500	500	69783847	66092345	67451186	69825888
76	500	500	69932509	66093189	67540967	69271421
77	500	500	69944412	66014041	67403424	69437539
78	500	500	70102416	66122314	67375165	69485329
79	500	500	69785224	66038037	67379053	69300937
80	500	500	69922630	66010670	67334254	69274388
81	500	500	69792836	65934590	67331823	69211099
82	500	500	69940005	66089337	67414323	69341177
83	500	500	69865660	66063131	67330169	69372943
84	500	500	69778848	66149496	67464964	69404135
85	500	500	69900667	65989595	67332111	69410194
86	500	500	70097818	66099554	67390293	69467591
87	500	500	70065693	66284591	67548995	69584553
88	500	500	69979157	66105189	67322191	69364706
89	500	500	69747939	66020079	67433384	69295196
90	500	500	69819084	66078823	67362328	69288863
91	500	500	69961889	65913302	67270167	69348389
92	500	500	69918888	66091840	67395339	69505503
93	500	500	69950763	66037104	67496178	69224377
94	500	500	69800696	66037854	67507658	69310250
95	500	500	70196213	65972660	67309689	69299040
96	500	500	69865145	66048452	67297056	69544954
97	500	500	69912982	66207173	67470479	69350478
98	500	500	69881909	66030873	67363963	69279884
99	500	500	70065996	65994047	67292402	69294025
0	1000	500	139955294	134810771	138219347	139531309
1	1000	500	139752108	134412413	138130469	139555043
2	1000	500	140074660	134737635	138089771	139361609
3	1000	500	140259833	134598573	138136796	139422226
4	1000	500	140049852	134586580	138049285	139450925
5	1000	500	139895984	134783369	138023417	139698600
6	1000	500	140282507	134925347	138198674	139924485
7	1000	500	140091230	134792692	138069387	139587598
8	1000	500	139503321	134519802	138064948	139764631
9	1000	500	140381343	134496296	137934233	139664981
10	1000	500	139981413	134546767	137982629	139610328
11	1000	500	140302870	134744061	138041116	139650808
12	1000	500	140245835	134400722	137763522	139530940
13	1000	500	139980085	134775111	138044185	139422296
14	1000	500	140249409	134654232	137925064	139631739
15	1000	500	140610422	134607719	138074941	139662934
16	1000	500	140016868	134580070	138220976	139790797
17	1000	500	140223478	134751514	138189580	139408402
18	1000	500	139702561	134660246	138202232	139507375
19	1000	500	140191684	134734204	138077148	139582082
20	1000	500	140290093	134642389	138115654	139529352
21	1000	500	139971748	134548577	137729431	139562491
22	1000	500	140119884	134524755	137993433	139626858
23	1000	500	140273799	134715714	138093078	139600087
24	1000	500	139743300	134727213	137880066	139748886
25	1000	500	139673379	134634804	137616900	139548583
26	1000	500	139615454	134728536	137984457	139549209
27	1000	500	140113415	134763243	138257442	139443863
28	1000	500	140175370	134635306	137904960	139685635
29	1000	500	140154419	134728183	138167853	139617382
30	1000	500	140114375	134522115	137962904	139435633
31	1000	500	140389326	134800939	137875562	139710511
32	1000	500	140179746	134614627	138092568	139550054
33	1000	500	139747109	134628567	138135606	139696761
34	1000	500	140449318	134944984	138283978	139580603
35	1000	500	139929964	134832387	138281295	139325595
36	1000	500	139952511	134591198	138179822	139660086
37	1000	500	140066618	134615597	138193704	139544287
38	1000	500	140139457	134532459	138064086	139704307
39	1000	500	140119772	134890287	137963234	139392462
40	1000	500	140005042	134737807	138047730	139538781
41	1000	500	140176155	134585581	138173738	139601538
42	1000	500	140045856	134440458	138000482	139436226
43	1000	500	140190844	134675288	137898305	139580827
44	1000	500	139773738	134535181	138059307	139486513
45	1000	500	140031896	134795186	138077896	139641608
46	1000	500	139982714	134660594	137828785	139342216
47	1000	500	140339731	134466055	137749130	139513158
48	1000	500	140206916	134667629	137993337	139576890
49	1000	500	140164537	134846478	138147714	139652024
50	1000	500	140190483	134367298	137959634	139463942
51	1000	500	139946044	134622731	137749990	139487380
52	1000	500	140042251	134633539	137771457	139570726
53	1000	500	139910301	134510022	137624587	139413374
54	1000	500	139837468	134655226	137859698	139860469
55	1000	500	140086917	134606046	137887562	139580497
56	1000	500	140487542	134492624	137812192	139619093
57	1000	500	140380740	134686242	137833673	139658676
58	1000	500	140000377	134734692	137984334	139657146
59	1000	500	139951968	134692882	138086642	139738671
60	1000	500	140264358	134628169	138018371	139472191
61	1000	500	140129962	134503969	137955988	139634079
62	1000	500	140015466	134573880	138094716	139495976
63	1000	500	139654055	134623594	137912379	139548340
64	1000	500	140098734	134889108	137995911	139458813
65	1000	500	140296107	134693863	137765785	139622330
66	1000	500	140121843	134588302	138029250	139681382
67	1000	500	140157985	134569801	138020534	139763118
68	1000	500	140258700	134741765	137792255	139574167
69	1000	500	140591529	134587082	137835315	139749849
70	1000	500	140224298	134572359	137873097	139969536
71	1000	500	140157786	134592343	137833209	139585553
72	1000	500	139859712	134685097	137904732	139504696
73	1000	500	140182648	134527505	137881676	139460525
74	1000	500	139905792	134786637	137922818	139585642
75	1000	500	140304340	134694698	137806252	139740353
76	1000	500	139736542	134310141	137958417	139413113
77	1000	500	140131521	134647278	137816536	139806932
78	1000	500	139943402	134660799	137953754	139459157
79	1000	500	139976875	134383034	137862033	139391582
80	1000	500	139969463	134488470	138020298	139721360
81	1000	500	140359939	134886251	137984075	139497223
82	1000	500	139876544	134706177	137823590	139504455
83	1000	500	139946676	134646453	137995285	139331656
84	1000	500	140123172	134490126	137885368	139638631
85	1000	500	139591595	134660371	137827198	139428078
86	1000	500	140425805	134491682	137901948	139426151
87	1000	500	140004338	134539375	137859713	139502395
88	1000	500	140023388	135014295	137800648	139525156
89	1000	500	140334761	134544195	137872118	139776919
90	1000	500	140171286	134685784	137837070	139464610
91	1000	500	140440295	134679473	137740042	139624136
92	1000	500	140271347	134431770	137848596	139526745
93	1000	500	140093987	134795482	138096127	139476073
94	1000	500	140050254	134733942	138024323	139660276
95	1000	500	140168176	134481833	137810603	139478356
96	1000	500	140249408	134772158	137850044	139709560
97	1000	500	139821109	134622467	137933398	139599198
98	1000	500	140299196	134384810	137932610	139460931
99	1000	500	139814101	134508747	137689247	139701861
